Adriatic Sea Zone (3763,3060) (3822,3120) (3742,3120) (3694,3000) (3683,3060) (3882,3180) (3802,3180) (3642,2940) (3614,3000) (3942,3240) (3582,2880) (3960,3300) (3516,2820)
Aegean Sea Zone (4485,3546) (4510,3606) (4424,3486) (4536,3666) (4417,3426) (4497,3426) (4456,3676) (4585,3726) (4447,3366) (4505,3736) (4425,3736) (4539,3796)
Albania (4110,3264) (4104,3325) (4108,3201) (4036,3140) (4042,3327) (4048,3264) (4097,3139) (4077,3387) (4138,3386) (4057,3077) (4171,3260) (4169,3198) (4165,3323) (4046,3201) (4087,3448)
Alboran Sea Zone (2466,3736) (2509,3796) (2429,3796) (2456,3676) (2536,3666) (2546,3726) (2349,3852) (2496,3606) (2576,3606) (2616,3666) (2626,3726) (2531,3546) (2611,3546) (2656,3606) (2269,3880) (2189,3889) (2189,3829) (2109,3877)
Algerian Sea Zone (2980,3546) (3039,3606) (2959,3606) (2919,3486) (2999,3486) (2900,3546) (3060,3546) (3079,3447) (2879,3646) (3099,3666) (3019,3666) (2859,3426) (2939,3426) (3119,3606) (2839,3486) (2820,3586) (3019,3387) (2939,3706) (2859,3706) (3136,3726) (2799,3646) (3179,3666) (2779,3740)
Algiers (2946,3871) (2884,3870) (2945,3808) (3007,3872) (3007,3810) (3068,3872) (2822,3891) (2822,3829) (2883,3807) (2760,3886) (2759,3823) (2695,3833) (3070,3811) (2883,3931) (2945,3934) (3006,3933) (3068,3934)
Alsace-Lorraine (2971,2390) (3010,2450) (2951,2330) (2909,2390) (3032,2390) (3012,2328) (2890,2329) (2948,2450) (2953,2270) (3078,2363) (2893,2269) (3067,2441)
Alta (4343,193) (4280,262) (4281,199) (4341,254) (4404,189) (4403,250) (4213,307) (4218,243) (4151,286) (4154,223) (4465,161) (4526,138) (4372,314)
Andalucia (2192,3699) (2254,3699) (2220,3761) (2315,3698) (2130,3698) (2068,3660) (2006,3659) (1943,3714) (1944,3653) (2130,3636) (2191,3637) (2253,3637) (2314,3637) (2157,3760) (2282,3761)
Ankara (5121,3460) (5059,3521) (5182,3458) (5181,3397) (5120,3398) (5058,3457) (5186,3520) (5122,3521) (5057,3393) (4997,3537) (4996,3475) (4994,3412) (4931,3438) (5247,3459) (5244,3398) (5196,3334) (5259,3336) (5247,3273) (5252,3520)
Archangel (5829,663) (5801,601) (5863,600) (5767,662) (5739,601) (5891,660) (5925,598) (5704,662) (5677,599) (5717,723) (5829,539) (5891,538) (5779,724) (5841,724) (5902,722) (5808,778)
Armenia (5803,3381) (5801,3443) (5741,3382) (5803,3319) (5864,3381) (5863,3319) (5740,3321) (5740,3442) (5863,3442) (5927,3381) (5925,3442) (5925,3318) (5679,3390) (5677,3326) (5760,3260) (5821,3256) (5883,3255) (5761,3505) (5822,3505) (5883,3503)
Austria (3721,2429) (3660,2429) (3623,2367) (3685,2365) (3746,2367) (3783,2429) (3658,2490) (3719,2488) (3598,2434) (3537,2413) (3694,2550) (3777,2488) (3802,2367) (3752,2550)
Aydin (4735,3618) (4671,3683) (4732,3681) (4672,3618) (4609,3592) (4671,3556) (4733,3555) (4649,3494) (4796,3620) (4678,3767) (4738,3745) (4794,3683) (4798,3744) (4570,3484) (4819,3805)
Azov Sea Zone (5398,2720) (5318,2704) (5382,2819) (5398,2660) (5302,2839) (5450,2879) (5370,2899) (5290,2899) (5210,2924) (5530,2937) (5450,2939) (5370,2959) (5290,2959)
Balearic Sea Zone (2905,3160) (2964,3220) (2884,3220) (2844,3100) (2924,3100) (2825,3160) (2985,3160) (3004,3061) (2804,3260) (3024,3280) (2944,3280) (2784,3040) (2864,3040) (3044,3220) (3065,3121) (3066,3001) (2724,3315) (2724,3255) (3124,3232) (2644,3342) (2577,3402)
Baltic Sea Zone (3974,1382) (4033,1442) (3953,1442) (4031,1322) (4054,1382) (3873,1482) (3873,1422) (3857,1362) (3854,1302) (4093,1502) (4013,1502) (4040,1262) (4111,1322) (3856,1233) (3933,1542) (4000,1602)
Banat (4133,2722) (4194,2722) (4216,2659) (4154,2660) (4091,2660) (4070,2722) (4029,2659) (4256,2723) (4278,2661) (4072,2784) (4135,2785) (4198,2783) (4008,2718) (4317,2717) (4083,2598) (4145,2598) (4208,2598) (4259,2784)
Barents Sea Zone (5157,90) (5216,150) (5136,150) (5096,30) (5176,30) (5077,90) (5237,90) (5256,0) (5056,190) (5276,210) (5196,210) (5296,150) (5016,30) (4997,130) (5317,60) (5336,0) (4976,199) (5376,120) (4936,70) (4917,139) (5397,60) (5416,0) (5496,0)
Bavaria (3372,2322) (3433,2323) (3387,2383) (3448,2385) (3509,2366) (3374,2260) (3310,2321) (3435,2262) (3311,2260) (3325,2382) (3493,2305) (3561,2335) (3250,2232) (3394,2199) (3332,2199) (3341,2434)
Bay of Biscay Sea Zone (2230,2686) (2289,2746) (2209,2746) (2169,2626) (2249,2626) (2150,2686) (2310,2686) (2129,2786) (2331,2806) (2251,2806) (2124,2566) (2204,2566) (2171,2846) (2328,2866) (2086,2506) (2166,2506) (2248,2906) (2168,2906) (2026,2446)
Bechar (2267,4195) (2204,4173) (2328,4206) (2328,4143) (2266,4132) (2205,4234) (2268,4256) (2389,4162) (2204,4295) (2143,4223) (2204,4111) (2328,4081) (2390,4099) (2267,4317) (2244,4378)
Belgium (2828,2106) (2889,2106) (2896,2167) (2766,2079) (2827,2045) (2887,2043) (2705,2062) (2767,2140) (2831,2167) (2958,2165) (2764,2017) (2945,2228)
Benghazi (3990,4373) (4051,4364) (4104,4303) (3928,4349) (3928,4412) (3989,4435) (4052,4425) (4112,4364) (4166,4302) (4110,4241) (4171,4240) (4112,4178) (4173,4177) (3865,4307) (3864,4370) (3865,4433) (4173,4364) (4115,4426)
Bergen (2961,934) (2985,996) (2923,996) (2899,932) (3022,933) (2961,872) (3022,871) (3083,943) (3083,881) (3084,819) (2910,1057) (2971,1058)
Berlin (3480,2033) (3418,2093) (3419,2029) (3480,2095) (3542,2019) (3479,1910) (3418,1966) (3357,2036) (3353,2097) (3399,2156) (3460,2156) (3540,1895) (3417,1903) (3602,1950) (3603,2013) (3480,1971) (3541,1957) (3541,2081)
Bessarabia (4801,2647) (4801,2586) (4800,2708) (4862,2661) (4770,2524) (4831,2524) (4739,2584) (4739,2645) (4739,2708) (4708,2514) (4863,2598)
Bialystok (4366,1819) (4304,1813) (4427,1820) (4367,1757) (4428,1757) (4302,1874) (4363,1881) (4424,1883) (4304,1750) (4241,1800) (4240,1737) (4430,1695) (4492,1652) (4492,1714) (4490,1775) (4489,1836) (4253,1675) (4486,1898)
Bohemia (3616,2221) (3677,2221) (3738,2240) (3738,2178) (3676,2159) (3613,2159) (3676,2284) (3613,2283) (3551,2259) (3552,2197) (3490,2231) (3738,2301) (3799,2258) (3798,2195) (3860,2243) (3683,2097) (3621,2098) (3552,2135) (3490,2168) (3860,2181) (3813,2317)
Borisoglebsk (5837,2145) (5836,2082) (5899,2136) (5898,2074) (5836,2020) (5897,2011) (5895,1949) (5779,2201) (5775,2138) (5773,2075) (5840,2206) (5904,2197)
Bosnia (3993,2955) (4055,2955) (4016,2893) (3953,2894) (4079,2892) (3930,2956) (3954,3017) (4015,3016) (3892,2893) (3943,2831) (4003,2832) (4065,2829) (3880,2831) (3979,3078)
Bremen (3061,1992) (3092,1931) (3141,1869) (3140,1807) (3079,1869) (3153,1929) (3123,1992) (2999,1993) (3043,2054) (3104,2054) (2981,2055) (2992,2116) (3053,2115) (3029,1930) (3079,1807) (3117,1746) (3055,1746) (3200,1794) (3100,2159)
Brest (4738,1934) (4777,1872) (4714,1871) (4675,1932) (4801,1934) (4672,1994) (4734,1995) (4797,1998) (4610,1996) (4612,1932) (4651,1868) (4839,1870) (4827,1808) (4764,1810) (4700,1807) (4864,1933) (4800,1746) (4590,1866) (4860,1996)
British North Sea Zone (2477,1323) (2536,1383) (2456,1383) (2416,1263) (2496,1263) (2397,1323) (2557,1323) (2576,1238) (2376,1423) (2596,1443) (2516,1443) (2356,1203) (2436,1203) (2516,1178) (2436,1483) (2614,1503) (2534,1503) (2322,1143) (2402,1143) (2276,1226) (2454,1543) (2614,1563) (2534,1563) (2340,1083) (2420,1083)
Brittany (2314,2435) (2252,2399) (2191,2424) (2189,2362) (2313,2373) (2325,2491) (2378,2472) (2376,2408) (2127,2363) (2440,2468) (2437,2405) (2501,2486) (2499,2423) (2562,2438) (2252,2460) (2563,2497)
Bryansk (5210,1805) (5210,1866) (5272,1792) (5272,1854) (5148,1867) (5147,1803) (5085,1839) (5062,1900) (5333,1785) (5251,1925) (5312,1915) (5317,1976) (5263,2010)
Bucharest (4440,2837) (4378,2832) (4501,2858) (4500,2796) (4438,2774) (4375,2771) (4315,2859) (4314,2795) (4379,2894) (4441,2900) (4562,2817) (4562,2755) (4503,2920)
Budapest (3878,2531) (3938,2591) (3939,2529) (3876,2590) (3814,2581) (3817,2520) (3998,2580) (3999,2519) (4058,2474) (4118,2416) (3883,2651) (3879,2470) (4059,2534) (3938,2468) (3997,2459) (4057,2414) (4162,2371) (3941,2651)
Bulgaria (4423,3096) (4384,3033) (4445,3033) (4485,3094) (4507,3032) (4546,3092) (4569,3031) (4347,2971) (4408,2971) (4470,2970) (4297,3095) (4261,3156) (4322,3156) (4384,3158) (4445,3158) (4506,3155) (4568,3151) (4609,3090) (4631,3027) (4223,3220) (4359,3094) (4654,3121)
Burgundy (2867,2550) (2928,2536) (2866,2487) (2805,2569) (2804,2506) (2803,2443) (2864,2425) (2989,2505) (2789,2631) (2860,2611) (2923,2597)
Bursa (4776,3443) (4836,3505) (4838,3441) (4806,3379) (4744,3381) (4712,3442) (4866,3378) (4650,3428) (4682,3365) (4587,3420) (4619,3358) (4774,3505) (4712,3503) (4830,3568) (4899,3485) (4898,3550)
Cairo (5061,4333) (4998,4277) (4936,4264) (5121,4301) (5183,4294) (5124,4363) (5185,4356) (4873,4274) (4936,4326) (5026,4387) (4901,4387) (4883,4436) (4944,4435) (5006,4436) (4964,4387) (5145,4425)
Canadian Coast Sea Zone (665,625) (724,685) (644,685) (617,565) (697,565) (585,625) (745,625) (564,725) (777,513) (703,745) (661,505) (505,665) (623,785) (543,785) (825,573) (741,453) (463,807) (603,845) (523,867) (584,356) (584,296)
Cape Arkona Sea Zone (3679,1583) (3650,1508) (3736,1493) (3765,1567) (3607,1656) (3595,1582) (3508,1587) (3428,1649) (3336,1637) (3702,1646)
Cape Farewell Sea Zone (1209,437) (1268,497) (1188,497) (1148,377) (1228,377) (1129,437) (1289,437) (1308,363) (1108,537) (1304,557) (1224,557) (1088,317) (1168,317) (1348,497) (1068,377) (1049,477) (1144,597) (1064,597) (1369,423) (1388,351) (1244,617) (1028,537) (1164,657) (988,417) (969,477) (1449,411) (1468,341)
Casablanca (1991,4152) (1928,4164) (2052,4110) (2053,4172) (1990,4214) (1866,4166) (1804,4143) (1990,4089) (1929,4102) (1865,4103) (2114,4112) (1929,4039) (2117,4174)
Castile (2259,3149) (2240,3087) (2301,3085) (2322,3146) (2363,3085) (2197,3149) (2239,3024) (2301,3022) (2362,3023) (2424,3079) (2200,3210) (2262,3210) (2323,3208)
Catalonia (2498,3222) (2559,3221) (2463,3160) (2524,3160) (2585,3159) (2621,3220) (2436,3221) (2525,3283) (2463,3282) (2401,3283) (2497,3097) (2558,3097) (2646,3158) (2707,3171) (2706,3109) (2373,3221) (2400,3159) (2620,3097) (2484,3343)
Central Italy (3346,2881) (3386,2942) (3407,2880) (3447,2941) (3401,3003) (3463,3002) (3524,2994) (3284,2881) (3222,2835) (3283,2819) (3345,2818) (3407,2818) (3323,2943) (3338,3003) (3391,3065)
Chernigov (5084,2015) (5145,2015) (5022,2014) (5064,2076) (5126,1953) (5064,1954) (5001,1951) (4942,1996) (5002,2074) (5206,2003) (5188,1942) (5128,2076)
Cilician Sea Zone (4918,3888) (4909,3948) (4838,3888) (4998,3880) (4829,3976) (4758,3916) (5078,3891) (4738,3856) (4678,3945) (4658,3885) (5223,3849) (5231,3958)
Connaught (1774,1743) (1712,1754) (1835,1744) (1792,1681) (1724,1687) (1853,1684) (1767,1807) (1829,1807)
Corsica (3188,3120) (3156,3058) (3217,3058) (3205,2995) (3188,3182)
Crete (4550,4002) (4488,3979) (4426,3969) (4611,3994) (4364,3957) (4673,3991)
Crete Sea Zone (4278,3974) (4226,3914) (4346,4034) (4266,4034) (4306,3894) (4198,3974) (4186,4066) (4386,3867) (4204,3854) (4406,4094) (4326,4094) (4146,3914) (4349,3807) (4118,4006) (4106,4103) (4464,3927) (4466,4154) (4486,4067) (4038,4043) (4026,4106) (4546,4127) (4546,4187)
Crimea (5195,2739) (5132,2734) (5177,2801) (5256,2771) (5214,2676) (5150,2672) (5122,2609) (5184,2609) (5245,2614) (5060,2627) (5242,2549) (5304,2564) (5366,2551) (5302,2502) (5179,2546) (5239,2486) (5333,2757)
Croatia (3761,2879) (3807,2816) (3744,2815) (3775,2942) (3822,2880) (3868,2778) (3806,2754) (3930,2780) (3991,2784) (3886,2715) (3948,2718) (3837,2942) (3699,2869) (3825,2692) (3889,3005)
Cyprus (5071,3989) (5009,3989) (5132,3956) (5069,3926) (5188,3895) (5193,3955)
Denmark Strait Sea Zone (1483,620) (1494,680) (1442,560) (1522,560) (1414,688) (1403,628) (1602,501) (1602,561) (1506,740) (1502,500) (1426,748) (1346,756) (1334,696) (1654,621) (1582,441) (1662,441) (1554,800) (1474,808) (1394,816) (1314,816) (1682,501) (1682,561) (1266,756) (1621,381) (1701,381) (1626,860) (1546,868) (1234,868) (1466,876) (1386,876)
East Coast 1 Sea Zone (502,1163) (561,1223) (481,1223) (441,1103) (521,1103) (422,1163) (582,1163) (601,1086) (401,1263) (604,1283) (524,1283) (381,1043) (461,1043) (541,1026) (444,1323) (364,1323) (604,1343) (524,1343) (374,983) (454,983) (444,1383) (364,1383) (604,1403) (524,1403) (378,923)
East Coast 2 Sea Zone (480,1604) (539,1664) (459,1664) (419,1544) (499,1544) (400,1604) (560,1604) (579,1505) (379,1704) (599,1724) (519,1724) (359,1484) (439,1484) (619,1664) (339,1544) (320,1644) (439,1764) (359,1764) (640,1565) (659,1467) (659,1784) (579,1784) (299,1704) (679,1724) (279,1786) (279,1484) (699,1625) (259,1584) (240,1644) (720,1527) (739,1467) (739,1784) (219,1726) (759,1685) (199,1786)
East Coast 3 Sea Zone (250,1984) (309,2044) (229,2044) (189,1924) (269,1924) (170,1984) (330,1984) (349,1885) (149,2084) (369,2104) (289,2104) (129,1864) (209,1864) (389,2044) (109,1924) (90,2024) (209,2144) (129,2144) (410,1945) (429,1846) (429,2164) (349,2164) (69,2084) (449,2104) (49,2165) (469,2005)
East Greenland (1396,138) (1396,76) (1334,138) (1425,199) (1362,199) (1331,260) (1333,74) (1332,11) (1393,11) (1455,6) (1516,2) (1457,68) (1458,130) (1392,262)
East Lapland (4640,439) (4694,377) (4632,377) (4577,439) (4602,500) (4664,500) (4725,500) (4570,377) (4633,314) (4696,314) (4594,561) (4655,562) (4701,438) (4714,563)
Eastern Black Sea Zone (5540,3118) (5599,3178) (5519,3178) (5479,3058) (5559,3058) (5460,3118) (5620,3118) (5639,3048) (5439,3208) (5653,3238) (5532,3238) (5679,3178) (5399,3058) (5380,3148) (5700,3108) (5319,3088) (5239,3113) (5239,3053)
Eastern Romania (4674,2854) (4677,2792) (4691,2730) (4739,2791) (4612,2858) (4735,2853) (4628,2729) (4616,2665) (4677,2664) (4627,2602) (4689,2601) (4608,2539) (4670,2540) (4613,2476) (4801,2778) (4720,2913) (4656,2916) (4592,2919) (4615,2794) (4642,2978) (4594,2413) (4704,2979)
Eastern USA (89,1691) (124,1630) (55,1751) (20,1812) (162,1569) (2,1873) (28,1690) (61,1628) (100,1568) (38,1567) (2,1626) (2,1750) (2,1934)
Edinburgh (2143,1504) (2187,1442) (2126,1442) (2065,1440) (2241,1380) (2178,1380) (2204,1503) (2265,1526) (2265,1465) (2051,1500) (2101,1565) (2163,1566)
Egyptian Sea Zone (4954,4112) (5013,4172) (4933,4172) (4893,4052) (4874,4112) (5034,4069) (4853,4209) (5083,4232) (5093,4129) (4813,4052) (4794,4149) (5114,4051) (4773,4246) (5163,4189) (5173,4111) (4733,4089) (4714,4186) (5194,4045) (4653,4126) (4653,4066) (4634,4211)
El Alamein (4639,4377) (4700,4377) (4639,4313) (4700,4312) (4575,4271) (4576,4332) (4577,4393) (4639,4437) (4701,4437) (4763,4435) (4762,4373) (4761,4311) (4824,4310) (4824,4374) (4826,4437) (4513,4247) (4514,4309) (4514,4371) (4519,4433)
English Channel Sea Zone (2259,2182) (2278,2242) (2198,2242) (2339,2149) (2296,2302) (2149,2302) (2118,2242) (2415,2209) (2419,2146) (2069,2327) (2038,2267) (2499,2130) (1989,2349) (1958,2289) (1958,2229)
Estaca de Bares Sea Zone (1889,2748) (1948,2808) (1868,2808) (1828,2688) (1908,2688) (1809,2748) (1969,2748) (1988,2649) (1788,2848) (2008,2868) (1928,2868) (1768,2628) (1848,2628) (2028,2808) (1748,2688) (1729,2788) (1848,2908) (1768,2908) (1963,2928) (1708,2848)
Estonia (4567,1202) (4504,1238) (4504,1174) (4568,1139) (4630,1136) (4630,1197) (4442,1253) (4441,1189) (4375,1151) (4437,1127) (4502,1111) (4567,1264) (4630,1259) (4692,1259) (4616,1320) (4680,1320)
Extremadura (1996,3512) (2057,3529) (1934,3466) (1996,3449) (2057,3467) (1995,3573) (2057,3590) (1934,3537) (1933,3598) (1978,3387) (2039,3404) (2118,3576)
Finisterre Sea Zone (1590,3137) (1649,3197) (1569,3197) (1529,3077) (1609,3077) (1510,3137) (1670,3137) (1689,3038) (1489,3237) (1709,3257) (1629,3257) (1469,3017) (1549,3017) (1449,3077) (1430,3177) (1549,3297) (1469,3297)
Finnmark (4635,217) (4696,248) (4696,186) (4574,277) (4573,215) (4497,351) (4510,288) (4511,226) (4757,182) (4759,244) (4820,204) (4881,180)
Frisian North Sea Zone (2752,1717) (2809,1777) (2729,1777) (2691,1657) (2771,1657) (2672,1717) (2832,1717) (2851,1632) (2649,1819) (2797,1837) (2611,1657) (2592,1759) (2912,1692) (2717,1879) (2931,1632) (2531,1699) (2531,1639) (2737,1939) (2657,1939) (2992,1692) (3011,1632) (2677,1999) (3072,1692)
Galicia (1860,3041) (1921,3041) (1810,3102) (1797,3040) (1840,2979) (1901,2979) (1962,2979) (1983,3039) (1871,3102) (1933,3102) (1994,3101) (1960,3153)
Galicia-Lodomeria (4389,2250) (4327,2211) (4388,2188) (4450,2228) (4450,2289) (4431,2351) (4492,2352) (4325,2148) (4263,2158) (4201,2149) (4387,2125) (4493,2414) (4138,2161) (4524,2476)
Galway Bay Sea Zone (1479,1975) (1538,2035) (1458,2035) (1418,1915) (1498,1915) (1399,1975) (1559,1975) (1578,1876) (1378,2075) (1598,2095) (1518,2095) (1358,1855) (1438,1855) (1618,2035) (1338,1915) (1319,2015) (1622,1816) (1438,2135) (1358,2135) (1626,2155) (1546,2155) (1298,2075) (1278,2165) (1278,1855) (1258,1955) (1239,2015) (1218,2105) (1198,2165) (1198,1895) (1178,1955) (1159,2045) (1138,2105)
Gascony (2461,2951) (2461,2889) (2522,2961) (2522,2899) (2460,3012) (2399,2941) (2399,2879) (2460,2827) (2522,2837) (2584,2836) (2398,2817) (2584,2898) (2397,3002) (2582,2958) (2520,3024)
Genoa (3094,2788) (3094,2849) (3155,2777) (3155,2838) (3216,2753) (3032,2860) (3032,2798) (3093,2726) (3154,2714) (3215,2691) (3031,2734) (3267,2717) (3062,2911)
Gibraltar (2053,3776) (1991,3776) (2114,3778) (2008,3714) (2069,3713) (2037,3837)
Goteborg (3467,1155) (3404,1171) (3528,1166) (3404,1108) (3466,1093) (3467,1031) (3437,1232) (3499,1228) (3528,1061) (3560,1239) (3589,1177) (3461,1276)
Gotland (3930,1282) (3958,1221) (4018,1193) (3990,1281) (3929,1343)
Greece (4247,3596) (4308,3659) (4246,3659) (4309,3596) (4270,3533) (4207,3533) (4184,3595) (4144,3532) (4206,3471) (4267,3471) (4144,3469) (4184,3657) (4331,3534) (4122,3594) (4195,3409) (4257,3408) (4328,3471) (4215,3719) (4276,3719) (4276,3780) (4371,3594)
Greenland Sea Zone (1782,137) (1841,197) (1761,197) (1721,77) (1801,77) (1702,137) (1862,137) (1881,38) (1681,237) (1901,257) (1821,257) (1661,17) (1741,17) (1921,197) (1641,77) (1622,177) (1741,297) (1661,297) (1942,98) (1961,0) (1961,317) (1881,317) (1601,237) (1981,257) (2001,158) (1561,117) (1542,177)
Gulf of Aqaba (5237,4422)
Gulf of Bothnia Sea Zone (4114,787) (4101,847) (4194,738) (4021,879) (4226,675) (4119,907) (4039,939) (3959,941) (3941,881) (4306,639) (4116,999) (4036,1001) (4386,619) (4105,1061)
Gulf of Finland Sea Zone (4268,1169) (4176,1169) (4190,1239) (4187,1096) (4278,1101) (4321,1234) (4368,1093) (4463,1079) (4559,1066) (4646,1063) (4730,1048) (4365,1304)
Gulf of Zuez (5083,4429)
Halifax (498,401) (503,466) (435,443) (565,443) (373,420) (372,482) (389,358) (292,571) (291,508) (307,444) (309,381) (228,560) (228,495) (244,432) (246,367) (165,547) (166,483) (180,420) (183,357) (102,545) (104,481) (118,420) (119,354) (52,418) (55,352) (627,427) (353,545)
Hannover (3235,2021) (3210,2082) (3261,1959) (3322,1959) (3275,1897) (3336,1896) (3245,1833) (3306,1834) (3162,2143) (3224,2143) (3285,2143) (3271,2081) (3295,2020) (3148,2081) (3173,2020) (3199,1959) (3213,1897) (3346,2142) (3245,2205)
Hebridean Sea Zone (1876,987) (1935,1047) (1855,1047) (1815,927) (1895,927) (1796,987) (1956,987) (1975,888) (1775,1087) (1995,1107) (1915,1107) (1799,867) (1879,867) (1735,927) (1959,828) (1835,1147) (1755,1147) (1946,768)
Helsinki (4420,958) (4356,1030) (4417,1020) (4481,948) (4358,966) (4511,885) (4448,887) (4386,896) (4324,904) (4542,945) (4313,961) (4313,1025) (4478,1011) (4540,1007)
Highlands (2079,1304) (2140,1277) (2078,1242) (2139,1214) (2016,1352) (2016,1289) (2078,1368) (2142,1338) (2203,1323) (2264,1279) (1954,1263) (2199,1174) (2249,1115) (1946,1201) (1899,1267) (1893,1330) (2202,1261) (2325,1276) (2275,1341)
Iceland (1719,724) (1780,785) (1780,723) (1717,785) (1655,786) (1656,721) (1593,677) (1841,700) (1841,761)
Ionian Sea Zone (3937,3693) (3996,3753) (3916,3753) (3876,3633) (3956,3633) (3857,3693) (4017,3693) (4036,3594) (3836,3793) (4056,3813) (3976,3813) (3828,3573) (3908,3573) (4076,3753) (3777,3733) (3988,3534) (3896,3853) (3816,3853) (4044,3873) (3756,3793) (3874,3513) (3954,3474) (3964,3913) (3884,3913) (3871,3453) (3982,3414) (3944,3973) (3844,3393)
Iraq (5625,4173) (5625,4110) (5687,4174) (5686,4110) (5749,4194) (5749,4131) (5748,4068) (5748,4255) (5809,4287) (5809,4224) (5811,4163) (5811,4099) (5870,4334) (5870,4272) (5871,4209) (5872,4148) (5685,4235) (5623,4229) (5561,4228) (5562,4165) (5564,4102) (5685,4047) (5623,4047) (5932,4218) (5932,4279) (5932,4341)
Irish Sea Zone (2023,1919) (2010,1979) (2037,1859) (1930,2011) (2091,2025) (2011,2039) (2037,1799) (1931,2071) (2175,1753) (1851,2090) (1850,2030) (2032,2099) (2030,1739) (1952,2131) (2110,1693) (1872,2150) (1792,2150) (1771,2090) (1712,2165)
Iron War Europe Logo (2480,4312)
Istanbul (4596,3285) (4684,3184) (4610,3228) (4622,3166) (4659,3255) (4720,3240)
Jamtland (3723,747) (3726,684) (3661,770) (3784,746) (3787,683) (3758,621) (3821,620) (3848,682) (3599,766) (3548,817) (3610,828) (3671,842)
Jutland (3211,1461) (3211,1400) (3272,1400) (3273,1339) (3211,1338) (3181,1522) (3149,1459) (3150,1397) (3285,1277) (3272,1461) (3333,1403) (3243,1522)
Kainuu (4803,674) (4802,612) (4864,673) (4864,611) (4740,639) (4740,700) (4806,550) (4868,549) (4784,760) (4846,735)
Karamania (5098,3701) (5036,3717) (5159,3737) (5160,3675) (5096,3638) (5035,3654) (5098,3764) (5037,3778) (4974,3753) (4973,3692) (4973,3629) (5033,3591) (5096,3575) (5159,3611) (5220,3753) (5220,3689) (5221,3626) (4911,3747) (4911,3683) (4910,3621) (4876,3806) (4853,3731) (4849,3669) (5097,3825) (5160,3799) (5281,3706) (5282,3643) (5281,3581) (5219,3563) (5283,3768)
Karelia (4962,834) (4925,894) (4900,832) (4908,770) (4969,771) (5030,769) (5024,831) (4986,894) (5085,855) (5091,793) (4838,854) (4846,792) (5047,918)
Karlstad (3611,993) (3587,1054) (3649,1054) (3672,991) (3548,993) (3668,929) (3606,931) (3543,931) (3523,869) (3585,869) (3710,1053) (3589,1116) (3651,1117)
Kastamonu (5061,3255) (5122,3253) (5005,3330) (4999,3266) (5184,3260) (5172,3191) (5109,3189) (5234,3199) (4940,3317) (4880,3326) (4833,3264) (4896,3263) (5047,3193) (5065,3317) (5126,3317)
Kattegat Sea Zone (3320,1199) (3248,1218) (3177,1260) (3083,1264) (3364,1265) (3377,1330) (3383,1395) (3111,1327) (3325,1469) (3453,1389)
Kem (5132,668) (5194,654) (5129,730) (5067,716) (5070,653) (5130,606) (5192,591) (5006,692) (5007,629) (4945,630) (5191,715) (5164,790) (5069,591) (5252,731) (5227,791)
Khabur (5666,3822) (5669,3883) (5607,3946) (5672,3945) (5604,3823) (5734,3908) (5730,3848) (5606,3884) (5726,3785) (5664,3761) (5603,3760) (5788,3818) (5789,3754) (5607,4007)
Kharkov (5434,2293) (5495,2291) (5456,2355) (5556,2244) (5494,2228) (5431,2231) (5371,2291) (5369,2228) (5308,2204) (5414,2169) (5617,2253) (5557,2305)
Kiev (4884,2190) (4822,2191) (4905,2251) (4841,2252) (4946,2188) (4835,2128) (4898,2126) (4779,2254) (4759,2192) (4773,2129) (4959,2125) (4967,2249) (5008,2189) (4935,2064) (4872,2064) (4809,2065) (4809,2314) (4871,2313) (4935,2312)
Kola Sea Zone (5653,234) (5712,294) (5632,294) (5592,174) (5672,174) (5573,234) (5733,234) (5752,135) (5552,330) (5772,354) (5692,354) (5532,114) (5612,114) (5792,294) (5512,174) (5493,270) (5692,75) (5772,75) (5813,195) (5832,135) (5589,54) (5852,35) (5852,354) (5669,15) (5749,15) (5872,255) (5413,279) (5893,195) (5912,95)
Krasnodar (5588,2759) (5574,2697) (5635,2696) (5650,2757) (5526,2758) (5588,2821) (5650,2818) (5526,2820) (5696,2695) (5747,2632) (5686,2631) (5624,2633) (5562,2633) (5729,2570) (5666,2569) (5604,2570) (5511,2695) (5464,2780) (5711,2806) (5711,2868) (5772,2844) (5590,2882) (5775,2905)
Kristiansand (3075,1129) (3074,1190) (3012,1176) (3013,1113) (2950,1150) (3137,1117) (3075,1066) (3137,1055) (3136,1178)
Kurdistan (5779,3646) (5717,3695) (5840,3632) (5840,3693) (5717,3632) (5778,3583) (5716,3569) (5655,3698) (5654,3634) (5654,3572) (5902,3663) (5902,3601) (5592,3704) (5530,3716) (5590,3565) (5777,3706) (5839,3571) (5926,3540) (5904,3722)
Kursk (5462,2017) (5399,2017) (5395,1954) (5457,1954) (5354,2078) (5415,2077) (5476,2078) (5524,2015) (5538,2076) (5360,2139) (5420,2138) (5481,2156) (5520,1953) (5449,1891) (5512,1891) (5386,1891) (5542,2138)
Labrador Sea Zone (929,238) (932,298) (906,178) (986,178) (852,314) (887,118) (967,118) (856,374) (797,83) (877,58) (791,23)
Lake Ladoga (4941,972) (5010,1013)
Lake Onega (5317,935)
Languedoc (2711,2895) (2691,2956) (2711,2832) (2721,2769) (2753,2956) (2773,2894) (2772,2832) (2782,2768) (2793,2705) (2731,2707) (2629,2956) (2649,2893) (2649,2832) (2660,2770) (2669,2708) (2617,3017) (2679,3016) (2607,3077) (2667,3078)
Latvia (4449,1337) (4450,1401) (4387,1385) (4510,1330) (4510,1393) (4573,1392) (4324,1408) (4474,1463) (4537,1455) (4598,1454) (4635,1392) (4478,1526) (4539,1519) (4600,1517) (4482,1587) (4261,1399) (4197,1396) (4203,1334) (4264,1334) (4325,1346) (4249,1272) (4558,1579)
Leinster (1958,1833) (1895,1833) (1962,1771) (1900,1771) (1907,1709) (1897,1895) (1968,1709) (1958,1895)
Leningrad (4889,1159) (4815,1099) (4879,1097) (4824,1161) (4759,1163) (4751,1100) (4942,1097) (4951,1158) (4697,1162) (4734,1224) (4795,1225) (4857,1223) (4918,1220) (4980,1219) (5012,1156) (5004,1093) (5074,1156) (5042,1218) (4816,1286) (4878,1284) (4939,1280) (4890,1033) (5002,1280)
Leon (2080,3191) (2070,3129) (2131,3130) (2141,3191) (2018,3191) (2056,3252) (2117,3252) (1993,3252) (2070,3067) (2131,3067) (2046,3005) (2108,3004) (2170,3003) (1991,3315) (2052,3314) (2112,3314)
Libyan Sea Zone (3648,3991) (3707,4051) (3627,4051) (3587,3931) (3667,3931) (3568,3991) (3728,3991) (3547,4090) (3767,4111) (3687,4111) (3527,3871) (3787,4051) (3507,3931) (3488,4030) (3827,4171) (3747,4171) (3847,4111) (3427,3970) (3408,4067) (3887,4231) (3807,4231) (3907,4171) (3967,4231) (3984,4291)
Ligurian Sea Zone (3356,3228) (3415,3288) (3335,3288) (3295,3168) (3276,3228) (3475,3348) (3395,3348) (3315,3348) (3267,3108) (3495,3278) (3535,3408) (3455,3408) (3375,3408) (3295,3408) (3555,3342) (3615,3402) (3181,2934)
Lisbon (1816,3598) (1877,3598) (1825,3536) (1762,3536) (1813,3659) (1875,3659) (1886,3535) (1824,3474) (1762,3473) (1885,3473) (1800,3720) (1862,3721)
Lithuania (4359,1538) (4296,1537) (4346,1476) (4282,1475) (4233,1537) (4257,1598) (4320,1599) (4382,1599) (4420,1536) (4407,1472) (4219,1474) (4307,1660) (4443,1584) (4369,1660)
Lofoten Sea Zone (3508,170) (3567,230) (3487,230) (3447,110) (3527,110) (3428,170) (3588,170) (3607,71) (3407,270) (3599,290) (3519,290) (3387,50) (3467,50) (3647,230) (3367,110) (3348,210) (3547,11) (3439,330) (3668,131) (3327,290) (3307,50) (3727,191) (3727,251) (3448,390) (3287,150) (3268,230) (3502,450) (3227,90) (3227,30) (3807,216) (3207,170)
London (2525,1986) (2566,1926) (2504,1926) (2463,1987) (2581,1864) (2519,1864) (2472,2048) (2534,2049)
Lublin (4407,2009) (4345,2008) (4345,2070) (4469,1967) (4468,2029) (4282,2078) (4282,2015) (4531,1957) (4530,2019) (4406,2070) (4406,1946) (4345,1945) (4282,1952) (4468,2090) (4529,2080) (4482,2151)
Lyngenfjorden Sea Zone (4050,58) (4109,118) (4029,118) (3970,58) (4130,0) (3949,158) (4189,60) (4189,120) (3890,98) (3890,38) (4210,0) (3810,78) (3810,18)
Macedonia (4300,3308) (4361,3284) (4480,3255) (4541,3269) (4254,3366) (4237,3303) (4420,3286) (4419,3225) (4542,3207) (4291,3243) (4354,3222) (4193,3361) (4362,3346)
Madrid (2181,3421) (2242,3455) (2242,3393) (2180,3359) (2118,3388) (2241,3331) (2180,3482) (2241,3517) (2179,3543) (2240,3579) (2119,3444) (2302,3348) (2301,3286) (2239,3268) (2179,3296) (2180,3594)
Mallorca (2713,3422) (2774,3421) (2651,3427) (2715,3360) (2736,3484)
Mecklenburg (3432,1780) (3492,1760) (3431,1719) (3493,1698) (3554,1717) (3553,1778) (3493,1821) (3426,1841) (3365,1806) (3372,1744) (3614,1776) (3536,1642) (3614,1714) (3571,1840)
Mercia (2393,1877) (2392,1815) (2331,1938) (2331,1875) (2453,1847) (2475,1785) (2415,1754) (2331,1813) (2353,1753) (2409,1935)
Mid Atlantic 1 Sea Zone (103,3130) (162,3190) (82,3190) (42,3070) (122,3070) (23,3130) (183,3130) (202,3031) (2,3230) (204,3250) (124,3250) (0,3010) (80,3010) (44,3290)
Mid Atlantic 10 Sea Zone (817,4251) (876,4311) (796,4311) (756,4191) (836,4191) (737,4251) (897,4251) (916,4152) (716,4351) (936,4371) (856,4371) (696,4131) (776,4131) (956,4311) (676,4191) (657,4291) (776,4411) (696,4411) (977,4212) (996,4120) (996,4431) (916,4431) (636,4351) (1016,4371) (616,4439) (616,4131) (1036,4272) (596,4231) (577,4291) (1057,4180)
Mid Atlantic 2 Sea Zone (536,3127) (595,3187) (515,3187) (475,3067) (555,3067) (456,3127) (616,3127) (635,3028) (435,3227) (655,3247) (575,3247) (415,3007) (495,3007) (675,3187) (395,3067) (376,3167) (495,3287) (415,3287) (696,3088) (715,2983) (355,3227) (735,3247) (335,3302) (335,3007) (755,3148) (315,3107) (296,3167)
Mid Atlantic 3 Sea Zone (1109,3128) (1168,3188) (1088,3188) (1048,3068) (1128,3068) (1029,3128) (1189,3128) (1208,3029) (1008,3228) (1228,3248) (1148,3248) (988,3008) (1068,3008) (1248,3188) (968,3068) (949,3168) (1068,3288) (988,3288) (1269,3089) (1288,2983) (928,3228) (1308,3248) (908,3302) (908,3008) (1328,3149) (888,3108) (869,3168)
Mid Atlantic 4 Sea Zone (252,3505) (311,3565) (231,3565) (191,3445) (271,3445) (172,3505) (332,3505) (351,3406) (151,3605) (371,3625) (291,3625) (131,3385) (211,3385) (391,3565) (111,3445) (92,3545) (211,3665) (131,3665) (412,3466) (431,3362) (71,3605) (451,3625) (51,3681) (51,3385) (471,3526) (31,3485) (12,3545)
Mid Atlantic 5 Sea Zone (820,3504) (879,3564) (799,3564) (759,3444) (839,3444) (740,3504) (900,3504) (919,3405) (719,3604) (939,3624) (859,3624) (699,3384) (779,3384) (959,3564) (679,3444) (660,3544) (779,3664) (699,3664) (980,3465) (999,3362) (639,3604) (1019,3624) (619,3681) (619,3384) (1039,3525) (599,3484) (580,3544)
Mid Atlantic 6 Sea Zone (110,3880) (169,3940) (89,3940) (49,3820) (129,3820) (30,3880) (190,3880) (9,3980) (204,4000) (124,4000) (0,3760) (80,3760) (160,3760) (44,4040) (203,4060)
Mid Atlantic 7 Sea Zone (538,3877) (597,3937) (517,3937) (477,3817) (557,3817) (458,3877) (618,3877) (637,3778) (437,3977) (657,3997) (577,3997) (417,3757) (497,3757) (677,3937) (397,3817) (378,3917) (497,4037) (417,4037) (698,3838) (717,3741) (717,4057) (637,4057) (357,3977) (737,3997) (337,4060) (337,3757) (757,3898) (317,3857) (298,3917)
Mid Atlantic 8 Sea Zone (1107,3878) (1166,3938) (1086,3938) (1046,3818) (1126,3818) (1027,3878) (1187,3878) (1206,3779) (1006,3978) (1226,3998) (1146,3998) (986,3758) (1066,3758) (1246,3938) (966,3818) (947,3918) (1066,4038) (986,4038) (1267,3839) (1286,3741) (1286,4058) (1206,4058) (926,3978) (1306,3998) (906,4060) (906,3758) (1326,3899) (886,3858) (867,3918)
Mid Atlantic 9 Sea Zone (254,4262) (313,4322) (233,4322) (193,4202) (273,4202) (174,4262) (334,4262) (353,4163) (153,4362) (373,4382) (293,4382) (133,4142) (213,4142) (393,4322) (113,4202) (94,4302) (213,4422) (133,4422) (414,4223) (433,4120) (73,4362) (453,4382) (53,4439) (53,4142) (473,4283) (33,4242) (14,4302)
Minsk (4678,1659) (4616,1705) (4677,1722) (4615,1642) (4615,1766) (4740,1656) (4801,1655) (4814,1593) (4752,1592) (4689,1593) (4627,1581) (4553,1803) (4553,1740) (4554,1678) (4682,1528) (4743,1530) (4804,1530) (4738,1718) (4875,1561)
Moroccan Sea Zone (1394,4237) (1453,4297) (1373,4297) (1333,4177) (1413,4177) (1314,4237) (1474,4237) (1493,4138) (1293,4337) (1513,4357) (1433,4357) (1533,4297) (1253,4177) (1234,4277) (1353,4397) (1273,4397) (1554,4198) (1573,4120) (1573,4417) (1493,4417) (1213,4337) (1593,4357) (1193,4437) (1613,4258) (1173,4217) (1173,4157) (1154,4277) (1634,4180) (1653,4120)
Moscow (5392,1498) (5331,1507) (5453,1513) (5392,1559) (5330,1445) (5456,1450) (5269,1490) (5330,1568) (5453,1573) (5513,1572) (5515,1510) (5574,1544) (5454,1389) (5270,1429) (5330,1383) (5390,1374) (5391,1436) (5391,1621)
Mosul (5871,3986) (5808,3992) (5875,3923) (5810,3928) (5936,3921) (5933,3983) (5932,4043) (5934,3859) (5872,3860) (5868,3798) (5931,3797) (5746,3986) (5869,4047) (5921,4104) (5937,4156)
Munster (1766,1919) (1704,1918) (1828,1871) (1765,1857) (1703,1979) (1764,1980) (1826,1940)
Murmansk (5054,414) (5012,475) (4991,412) (5073,475) (5116,413) (4949,474) (4928,412) (5129,351) (5067,352) (5004,352) (4942,351) (5131,288) (5069,289) (5007,289) (5135,474) (4921,535) (4983,535) (5045,536) (5107,536)
Narvik (3613,571) (3550,580) (3551,518) (3613,509) (3674,600) (3674,538) (3658,661) (3595,641) (3532,642) (3487,579) (3674,476) (3736,565) (3736,504) (3748,442) (3685,414) (3798,503) (3470,640) (3408,646) (3526,704) (3587,712)
Netherlands (2924,1928) (2879,1866) (2940,1867) (2861,1927) (2949,1805) (2888,1804) (3011,1836) (2985,1925) (3010,1775) (2805,1986) (2867,1979) (2929,1997)
Newfoundland (715,83) (745,161) (735,223) (651,97) (706,20) (644,34) (587,98) (581,34) (518,2) (517,62) (454,67) (467,128) (806,153) (805,215)
Nogilev (4943,1780) (5004,1780) (4910,1842) (4972,1841) (4993,1718) (4930,1718) (4881,1778) (4868,1714) (4871,1651) (4932,1655) (5065,1779) (4934,1902) (5054,1717) (4994,1655) (4906,1594) (4995,1901)
Norfolk (191,1342) (225,1403) (256,1341) (275,1279) (321,1217) (213,1277) (162,1403) (130,1465) (100,1402) (128,1341) (150,1280) (258,1216) (195,1218) (132,1218) (88,1279) (65,1339) (67,1464) (38,1402) (2,1340) (26,1278) (69,1216) (345,1155) (283,1154) (221,1154) (159,1154) (96,1154) (33,1154) (7,1215) (5,1464) (191,1466)
Normandy (2538,2321) (2476,2302) (2523,2258) (2584,2257) (2599,2318) (2414,2340) (2414,2278) (2475,2363) (2536,2382) (2549,2198) (2355,2233) (2359,2291) (2597,2379)
Norrbotten (4190,433) (4251,441) (4312,454) (4327,516) (4250,503) (4187,495) (4125,485) (4127,422) (4064,443) (4004,419) (4206,371) (4267,379) (4143,360) (4328,392) (4148,546) (4209,557) (4270,568)
North Atlantic 1 Sea Zone (935,839) (994,899) (914,899) (874,779) (954,779) (855,839) (1015,839) (1034,740) (834,939) (1054,959) (974,959) (870,719) (950,719) (1074,899) (775,879) (775,819) (894,999) (814,999) (1095,800) (1114,1019) (1034,1019) (754,939) (930,659) (734,1028) (674,968)
North Atlantic 10 Sea Zone (250,2739) (309,2799) (229,2799) (189,2679) (269,2679) (170,2739) (330,2739) (349,2640) (149,2839) (369,2859) (289,2859) (129,2619) (209,2619) (389,2799) (109,2679) (90,2779) (209,2899) (129,2899) (410,2700) (429,2604) (429,2919) (349,2919) (69,2839) (449,2859) (49,2923) (49,2619) (469,2760) (29,2719) (10,2779)
North Atlantic 11 Sea Zone (822,2738) (881,2798) (801,2798) (761,2678) (841,2678) (742,2738) (902,2738) (921,2639) (721,2838) (941,2858) (861,2858) (701,2618) (781,2618) (961,2798) (681,2678) (662,2778) (781,2898) (701,2898) (982,2699) (1001,2604) (1001,2918) (921,2918) (641,2838) (1021,2858) (621,2923) (621,2618) (1041,2759) (601,2718) (582,2778)
North Atlantic 12 Sea Zone (1396,2737) (1455,2797) (1375,2797) (1335,2677) (1415,2677) (1316,2737) (1476,2737) (1495,2638) (1295,2837) (1515,2857) (1435,2857) (1275,2617) (1355,2617) (1535,2797) (1255,2677) (1236,2777) (1355,2897) (1275,2897) (1556,2698) (1575,2604) (1575,2917) (1495,2917) (1215,2837) (1595,2857) (1195,2923) (1195,2617) (1615,2758) (1175,2717) (1156,2777)
North Atlantic 2 Sea Zone (913,1222) (972,1282) (892,1282) (852,1162) (932,1162) (833,1222) (993,1222) (1012,1123) (812,1322) (1032,1342) (952,1342) (792,1102) (872,1102) (1052,1282) (772,1162) (753,1262) (872,1382) (792,1382) (1073,1183) (1092,1088) (1092,1402) (1012,1402) (732,1322) (1112,1342) (712,1407) (712,1102) (692,1202)
North Atlantic 3 Sea Zone (1432,1127) (1491,1187) (1411,1187) (1371,1067) (1451,1067) (1352,1127) (1512,1127) (1531,1028) (1331,1227) (1551,1247) (1471,1247) (1311,1007) (1391,1007) (1571,1187) (1291,1067) (1272,1167) (1471,968) (1551,968) (1391,1287) (1311,1287) (1592,1088) (1611,1028) (1532,1307) (1251,1227) (1251,947) (1331,947) (1631,945) (1231,1327) (1231,1007) (1452,1347) (1372,1347) (1211,1107) (1292,1387) (1212,1387) (1432,1407)
North Atlantic 4 Sea Zone (1102,1602) (1161,1662) (1081,1662) (1041,1542) (1121,1542) (1022,1602) (1182,1602) (1201,1503) (1001,1702) (1221,1722) (1141,1722) (981,1482) (1061,1482) (1241,1662) (961,1542) (942,1642) (1061,1762) (981,1762) (1262,1563) (1281,1467) (1281,1782) (1201,1782) (921,1702) (1301,1722) (901,1786) (901,1482) (1321,1623) (881,1582) (862,1642)
North Atlantic 5 Sea Zone (822,1983) (881,2043) (801,2043) (761,1923) (841,1923) (742,1983) (902,1983) (921,1884) (721,2083) (941,2103) (861,2103) (701,1863) (781,1863) (961,2043) (681,1923) (662,2023) (781,2143) (701,2143) (982,1944) (1001,1846) (1001,2163) (921,2163) (641,2083) (1021,2103) (621,2165) (621,1863) (1041,2004) (601,1963) (582,2023)
North Atlantic 6 Sea Zone (113,2365) (172,2425) (92,2425) (52,2305) (132,2305) (33,2365) (193,2365) (12,2465) (204,2485) (124,2485) (0,2245) (80,2245) (160,2245) (44,2525)
North Atlantic 7 Sea Zone (523,2363) (582,2423) (502,2423) (462,2303) (542,2303) (443,2363) (603,2363) (622,2264) (422,2463) (642,2483) (562,2483) (402,2243) (482,2243) (662,2423) (382,2303) (363,2403) (482,2523) (402,2523) (683,2324) (702,2225) (702,2543) (622,2543) (342,2463) (722,2483) (322,2544) (322,2243) (742,2384) (302,2343) (763,2285)
North Atlantic 8 Sea Zone (1106,2365) (1165,2425) (1085,2425) (1045,2305) (1125,2305) (1026,2365) (1186,2365) (1205,2266) (1005,2465) (1225,2485) (1145,2485) (985,2245) (1065,2245) (1245,2425) (965,2305) (946,2405) (1065,2525) (985,2525) (1266,2326) (1285,2225) (925,2465) (1305,2485) (905,2544) (905,2245) (1325,2386) (885,2345) (866,2405)
North Atlantic 9 Sea Zone (1673,2363) (1732,2423) (1652,2423) (1612,2303) (1692,2303) (1593,2363) (1753,2363) (1772,2264) (1572,2463) (1792,2483) (1712,2483) (1552,2243) (1632,2243) (1812,2423) (1532,2303) (1513,2403) (1632,2523) (1552,2523) (1833,2324) (1852,2543) (1772,2543) (1492,2463) (1872,2483) (1472,2544) (1472,2243) (1452,2343) (1433,2403) (1932,2543)
Northern Black Sea Zone (4971,2781) (5030,2841) (4950,2841) (4910,2721) (4990,2721) (4891,2781) (4870,2881) (5090,2901) (5010,2901) (4945,2661) (4790,2911)
Northern Great Plain (4277,2444) (4338,2472) (4215,2442) (4338,2410) (4276,2382) (4276,2506) (4214,2503) (4151,2503) (4115,2564) (4365,2347) (4303,2320) (4214,2380) (4241,2320) (4399,2453) (4177,2565) (4304,2258) (4400,2390) (4238,2565)
Northumbria (2293,1657) (2354,1657) (2271,1718) (2333,1718) (2415,1642) (2292,1596) (2353,1595) (2231,1654) (2394,1704) (2330,1534) (2229,1591) (2280,1765) (2455,1705)
Norwegian 1 Sea Zone (2338,137) (2397,197) (2317,197) (2277,77) (2357,77) (2258,137) (2418,137) (2437,38) (2237,237) (2457,257) (2377,257) (2217,17) (2297,17) (2477,197) (2197,77) (2178,177) (2297,297) (2217,297) (2498,98) (2517,0) (2517,317) (2437,317) (2157,237) (2537,257) (2137,319) (2137,17) (2557,158) (2117,117) (2098,177)
Norwegian 2 Sea Zone (2894,132) (2953,192) (2873,192) (2833,72) (2913,72) (2814,132) (2974,132) (2993,33) (2793,232) (3013,252) (2933,252) (2773,12) (2853,12) (3033,192) (2753,72) (2734,172) (2853,292) (2773,292) (3054,93) (3073,0) (2970,312) (2713,232) (2693,319) (2693,12) (3113,153) (2673,112)
Norwegian 3 Sea Zone (2058,520) (2117,580) (2037,580) (1997,460) (2077,460) (1978,520) (2138,520) (2157,421) (1957,620) (2177,640) (2097,640) (1937,400) (2017,400) (2197,580) (1917,460) (1898,560) (2017,680) (2218,481) (2237,379) (2257,640) (1857,400) (2277,541) (1837,500) (1818,606)
Norwegian 4 Sea Zone (2601,508) (2660,568) (2580,568) (2540,448) (2620,448) (2521,508) (2681,508) (2700,409) (2500,608) (2654,628) (2480,388) (2560,388) (2460,448) (2441,548) (2574,668) (2494,668) (2761,469) (2780,379) (2420,608) (2414,694) (2400,388) (2380,488) (2841,439) (2860,379)
Norwegian 5 Sea Zone (2716,904) (2775,964) (2695,964) (2655,844) (2735,844) (2636,904) (2796,904) (2815,805) (2615,1004) (2802,1024) (2722,1024) (2639,784) (2719,784) (2556,944) (2556,884) (2799,745) (2642,1064) (2562,1064) (2895,793) (2745,1084) (2535,1004) (2699,724) (2779,685) (2665,1124) (2455,976)
Norwegian Trench Sea Zone (2885,1371) (2944,1431) (2864,1431) (2824,1311) (2904,1311) (2805,1371) (2965,1371) (2984,1295) (2784,1471) (3004,1491) (2924,1491) (2764,1251) (2844,1251) (2924,1235) (3024,1431) (2744,1311) (2725,1411) (2844,1531) (2764,1531) (3064,1551) (2984,1551) (2704,1471) (2779,1191) (2859,1175)
Odessa (5045,2438) (5104,2499) (5107,2436) (5042,2500) (4982,2424) (5043,2376) (5104,2374) (4981,2362) (4919,2382) (5043,2314) (5104,2312) (4985,2561) (4923,2560) (5047,2561) (5165,2463) (5166,2401) (5166,2339) (5026,2252) (4900,2610) (5108,2545)
Onega (5488,821) (5502,759) (5550,820) (5564,759) (5440,758) (5426,819) (5527,695) (5588,697) (5626,758) (5611,820) (5378,757) (5316,738) (5364,818) (5302,807) (5687,780) (5355,879) (5417,880) (5479,883) (5391,940) (5452,942) (5469,1003)
Oran (2556,3969) (2618,3908) (2556,3907) (2493,3914) (2493,3977) (2617,3970) (2630,3846) (2567,3846) (2431,3902) (2430,3963) (2369,3939) (2414,4024) (2475,4038) (2537,4030) (2599,4031) (2661,4032) (2678,3969) (2680,3907) (2723,4019) (2739,3955) (2784,4006) (2802,3944) (2437,4089) (2499,4091) (2561,4086) (2448,4139)
Orkney Sea Zone (2237,881) (2296,941) (2216,941) (2176,821) (2256,821) (2157,881) (2317,881) (2336,782) (2136,981) (2281,1001) (2116,761) (2196,761) (2096,821) (2201,1041) (2121,1041) (2397,842) (2416,758) (2184,1101) (2104,1101) (2496,758)
Oslo (3267,1046) (3328,1088) (3265,1107) (3203,1080) (3342,1026) (3280,983) (3204,1017) (3269,920) (3207,953) (3143,991) (3146,928) (3207,891) (3203,1141)
Ostrovnoy (5552,465) (5490,520) (5490,458) (5464,396) (5525,397) (5586,403) (5614,464) (5675,473) (5647,402) (5708,411) (5426,508) (5552,526)
Ouarzazate (2016,4351) (2077,4351) (1970,4412) (1954,4350) (1980,4288) (2041,4288) (2102,4289) (2033,4413) (1907,4412) (2139,4352) (2098,4227) (2095,4413)
Oulu (4523,715) (4460,685) (4461,746) (4520,776) (4520,651) (4582,660) (4585,719) (4581,781) (4646,773) (4647,710) (4644,648) (4398,759) (4398,697) (4422,820) (4484,823) (4707,737) (4547,837)
Paris (2670,2537) (2634,2598) (2696,2598) (2731,2537) (2608,2535) (2677,2475) (2739,2475) (2615,2475) (2647,2413) (2709,2413) (2706,2351) (2572,2595) (2571,2657) (2633,2657) (2645,2350) (2695,2659)
Petroskoi (5233,1014) (5171,1069) (5170,1008) (5233,1076) (5294,1057) (5108,1045) (5108,983) (5294,995) (5355,1062) (5417,1062) (5232,952) (5170,946) (5107,920) (5168,884) (5229,857) (5108,1106) (5171,1130) (5233,1138) (5294,1122) (5358,998) (5390,1121)
Petsamo (4830,415) (4843,353) (4780,351) (4768,413) (4904,312) (4824,290) (4885,250) (4946,248) (4785,474) (4846,476)
Podolia (4745,2397) (4736,2451) (4690,2343) (4685,2397) (4805,2402) (4813,2456) (4630,2343) (4873,2443) (4873,2497) (4570,2370) (4570,2316) (4933,2487)
Poitou (2495,2664) (2447,2602) (2431,2665) (2385,2603) (2508,2601) (2398,2541) (2459,2539) (2436,2726) (2497,2725) (2558,2715) (2620,2717) (2336,2542) (2484,2782) (2545,2779) (2607,2777)
Poltava (5181,2220) (5119,2198) (5242,2260) (5242,2198) (5182,2157) (5057,2229) (5120,2259) (5179,2281) (5243,2135) (5213,2071) (5274,2072) (5304,2132) (5238,2322) (5120,2136) (5057,2148) (5301,2293)
Pomerania (3768,1812) (3706,1811) (3731,1749) (3792,1749) (3829,1811) (3788,1873) (3726,1872) (3625,1896) (3644,1835) (3669,1750) (3852,1747) (3909,1687) (3846,1686) (3783,1688) (3722,1687) (3858,1624) (3919,1624)
Porsangen Sea Zone (4573,35) (4632,95) (4552,95) (4493,35) (4653,0) (4472,98) (4712,60) (4413,38) (4733,0) (4392,102) (4792,60) (4813,0)
Porto (1871,3340) (1871,3278) (1871,3215) (1932,3217) (1932,3339) (1809,3339) (1809,3215) (1809,3277) (1932,3278) (1799,3401) (1809,3153) (1870,3153) (1932,3155) (1861,3401) (1922,3401)
Portuguese Sea Zone (1483,3493) (1542,3553) (1462,3553) (1422,3433) (1502,3433) (1403,3493) (1563,3493) (1582,3394) (1382,3593) (1602,3613) (1522,3613) (1362,3373) (1442,3373) (1622,3553) (1342,3433) (1323,3533) (1442,3653) (1362,3653) (1643,3454) (1662,3362) (1662,3673) (1582,3673) (1302,3593) (1682,3613) (1282,3681) (1282,3373) (1262,3473) (1243,3533) (1222,3621) (1202,3681) (1202,3413) (1182,3473) (1163,3561) (1142,3621)
Posen (3776,2020) (3837,2020) (3714,1983) (3713,2044) (3774,2081) (3835,2080) (3775,1959) (3837,1957) (3651,2034) (3651,1974) (3866,1897) (3898,2020) (3897,2081) (3866,2140) (3712,1921) (3956,2116) (3929,2176)
Provence (2917,2843) (2927,2904) (2900,2781) (2904,2719) (2961,2781) (2965,2720) (2839,2768) (2978,2843) (2864,2904) (2988,2903) (2856,2842) (2928,2659) (2854,2685) (2917,2965) (2855,2958) (2979,2975)
Prussia (4051,1691) (4095,1629) (4113,1689) (3987,1692) (3959,1754) (4022,1753) (4084,1751) (4157,1627) (3897,1805) (3957,1815) (3936,1874) (4020,1803) (4146,1738) (4187,1688) (4143,1565) (4203,1588)
Quebec (503,194) (440,210) (564,164) (377,272) (378,209) (392,147) (625,161) (314,272) (314,209) (328,146) (374,84) (385,20) (252,271) (251,208) (265,146) (310,83) (322,20) (189,271) (187,206) (202,143) (245,79) (259,16) (123,271) (123,208) (136,143) (180,80) (193,15) (130,13) (116,75) (74,142) (61,204) (59,267) (51,79) (66,13) (439,273)
Rome (3562,3144) (3500,3144) (3516,3082) (3577,3083) (3454,3082) (3623,3142) (3732,3178) (3671,3195) (3548,3021) (3609,3204) (3546,3206) (3438,3143) (3484,3206) (3605,3252)
Safi (1804,4321) (1740,4259) (1802,4259) (1865,4324) (1847,4386) (1785,4384) (1740,4321) (1722,4382) (1863,4261) (1924,4264) (1749,4197) (1810,4198) (1871,4198) (1676,4437) (1737,4438) (1799,4437)
Sardinia (3176,3380) (3236,3318) (3174,3318) (3237,3379) (3174,3441) (3235,3439) (3215,3257) (3174,3502)
Sasovo (5909,1694) (5847,1664) (5847,1726) (5908,1755) (5847,1601) (5910,1631) (5935,1569) (5872,1539) (5934,1506) (5838,1787) (5900,1816) (5805,1870) (5866,1873)
Saudi Arabia (5557,4372) (5618,4372) (5556,4309) (5618,4309) (5494,4307) (5680,4374) (5698,4435) (5635,4435) (5572,4433) (5510,4434) (5494,4371) (5433,4309) (5681,4311) (5743,4372) (5760,4435) (5807,4369) (5821,4432) (5887,4430)
Scania (3597,1378) (3521,1437) (3583,1439) (3534,1376) (3658,1412) (3659,1350) (3597,1316) (3720,1416) (3721,1352) (3535,1314) (3473,1318) (3533,1502)
Schleswig-Holstein (3260,1686) (3198,1731) (3242,1598) (3179,1598) (3199,1662) (3259,1747) (3321,1683) (3320,1747)
Serbia (4168,3026) (4182,2963) (4230,3024) (4136,3087) (4197,3087) (4244,2961) (4267,2899) (4204,2899) (4139,2899) (4161,2835) (4223,2837) (4119,2962) (4105,3025) (4174,3139) (4291,3030)
Sicily (3586,3760) (3524,3737) (3647,3749) (3585,3698) (3647,3687) (3523,3675) (3462,3694) (3647,3810)
Sirte (3673,4361) (3735,4297) (3672,4297) (3696,4234) (3634,4234) (3610,4295) (3610,4359) (3736,4359) (3797,4294) (3798,4357) (3547,4360) (3547,4297) (3572,4234) (3660,4172) (3537,4421) (3599,4421) (3661,4422) (3722,4421) (3785,4422)
Sivas (5429,3577) (5490,3545) (5368,3623) (5430,3639) (5492,3607) (5365,3560) (5428,3514) (5360,3684) (5421,3719) (5491,3675) (5489,3482) (5365,3498) (5381,3437) (5442,3425) (5321,3444) (5552,3626)
Slovakia (4028,2290) (3966,2289) (3952,2350) (4014,2350) (4089,2277) (4026,2228) (3903,2290) (3890,2350) (3973,2411) (4077,2338) (4143,2312) (4150,2251) (4087,2214) (3963,2228) (3911,2412) (3851,2398) (4209,2251) (4149,2190) (4208,2190) (4262,2233)
Slovenia (3683,2672) (3744,2671) (3684,2734) (3622,2721) (3621,2660) (3746,2732) (3805,2647) (3585,2782) (3743,2609) (3681,2610) (3618,2598) (3674,2796)
Smolensk (5134,1620) (5195,1656) (5195,1593) (5133,1558) (5071,1623) (5070,1559) (5194,1531) (5133,1682) (5194,1718) (5109,1497) (5171,1468) (5071,1685) (5256,1659) (5256,1597) (5254,1719) (5317,1655) (5148,1407) (5316,1718)
Southern Italy (3763,3373) (3798,3312) (3736,3311) (3859,3309) (3920,3354) (3769,3433) (3797,3494) (3674,3288) (3734,3248) (3795,3248) (3699,3360) (3772,3555) (3745,3617)
Spanish Morocco (2162,3995) (2100,3987) (2224,3998) (2285,3993) (2038,3967) (2037,4029) (2098,4048) (2160,4058) (2222,4060) (2284,4054) (1975,4020) (2021,3905) (2082,3925) (2143,3933) (2205,3933) (2266,3935) (2346,3978) (2346,4042)
Stalingrad (5766,2404) (5704,2436) (5704,2374) (5766,2341) (5766,2465) (5704,2312) (5827,2461) (5828,2398) (5828,2336) (5766,2278) (5827,2274) (5704,2499) (5642,2515) (5642,2453) (5641,2391) (5580,2487) (5703,2250) (5641,2328) (5888,2269) (5890,2331) (5890,2393) (5888,2453)
Stavropol (5871,2722) (5810,2781) (5871,2784) (5933,2783) (5932,2719) (5870,2660) (5809,2717) (5932,2657) (5831,2599) (5893,2596) (5801,2537) (5863,2535) (5924,2535) (5848,2846) (5909,2846) (5847,2908) (5909,2908) (5938,2970)
Stockholm (3817,1137) (3785,1198) (3754,1136) (3722,1198) (3793,1075) (3878,1125) (3855,1063) (3660,1195) (3662,1256) (3939,1104) (3916,1043) (3723,1260)
Strait of Gibraltar Sea Zone (1701,3881) (1760,3941) (1680,3941) (1640,3821) (1720,3821) (1621,3881) (1781,3881) (1800,3791) (1600,3981) (1820,4001) (1740,4001) (1580,3761) (1660,3761) (1840,3941) (1560,3821) (1541,3921) (1660,4041) (1580,4041) (1861,3851) (1520,3981) (1891,3788) (1500,4060) (1500,3761) (1920,3911) (1480,3861) (1461,3921) (1440,4000)
Straits of Moyle Sea Zone (1691,1468) (1750,1528) (1670,1528) (1630,1408) (1710,1408) (1611,1468) (1771,1468) (1790,1369) (1590,1568) (1735,1588) (1632,1348) (1531,1508) (1712,1309) (1792,1309) (1655,1628) (1575,1628) (1851,1429) (1851,1489) (1510,1568) (1495,1663) (1609,1688) (1451,1508) (1529,1723) (1449,1723) (1430,1603) (1514,1783) (1434,1783)
Sukhumi (5881,3124) (5819,3125) (5882,3186) (5803,3063) (5776,2999) (5714,2982) (5651,2930) (5864,3064) (5837,3000) (5820,3186) (5942,3171) (5941,3108) (5926,3046) (5942,3231)
Sundsvall (3824,872) (3762,871) (3884,811) (3822,810) (3979,759) (3917,749) (3737,932) (3798,932) (3756,993) (3854,748) (3761,809) (3817,994)
Switzerland (3104,2601) (3165,2562) (3103,2539) (3043,2605) (3053,2666) (3041,2543) (3165,2623) (2981,2623) (3164,2501) (3226,2599) (3226,2536) (3104,2478) (3225,2475) (2980,2563) (3280,2610)
Syria (5422,3982) (5417,3919) (5479,3923) (5483,3985) (5393,4043) (5455,4044) (5357,3857) (5354,3917) (5358,3978) (5330,4040) (5419,3856) (5481,3861) (5419,3794) (5480,3797) (5541,3793) (5357,3793) (5542,3853) (5541,3914) (5544,3979) (5516,4046) (5338,4102) (5400,4104)
Tobruk (4326,4286) (4388,4285) (4262,4225) (4324,4224) (4385,4224) (4262,4286) (4237,4347) (4298,4347) (4360,4347) (4422,4348) (4449,4285) (4447,4222) (4303,4162) (4241,4162) (4216,4409) (4275,4409) (4337,4408) (4398,4408) (4461,4411)
Toronto (72,708) (10,672) (72,645) (134,627) (133,689) (133,751) (71,770) (195,634) (195,696) (10,610) (9,733) (9,795) (4,547) (1,485) (7,856)
Transjordan (5313,4268) (5333,4204) (5269,4202) (5249,4262) (5376,4268) (5289,4329) (5352,4328) (5368,4390) (5306,4390) (5431,4393) (5395,4204) (5456,4179) (5271,4139) (5333,4140) (5458,4242)
Transylvania (4433,2642) (4494,2642) (4399,2580) (4460,2579) (4522,2579) (4555,2642) (4370,2642) (4336,2579) (4441,2517) (4503,2516) (4379,2517) (4379,2704) (4440,2704) (4502,2703)
Trebizond (5493,3374) (5493,3312) (5430,3364) (5430,3300) (5555,3436) (5555,3373) (5555,3311) (5366,3370) (5366,3308) (5304,3267) (5306,3206) (5368,3245) (5614,3293) (5616,3414) (5586,3497) (5647,3474) (5696,3507)
Tripoli (3399,4265) (3460,4264) (3398,4202) (3337,4266) (3398,4327) (3336,4327) (3459,4327) (3460,4200) (3400,4139) (3461,4137) (3521,4202) (3583,4164) (3336,4202) (3274,4204) (3274,4266) (3274,4328) (3298,4390) (3360,4389) (3212,4263) (3421,4388) (3343,4436) (3404,4436) (3522,4140) (3466,4435)
Tromso (3925,336) (3863,294) (3862,356) (3800,343) (3925,274) (3986,361) (3986,298) (3986,235) (4048,365) (4046,302) (4047,239) (4109,328) (3924,397) (3738,332) (3675,336) (3800,405) (3861,451)
Trondheim (3359,791) (3298,729) (3359,728) (3421,727) (3421,788) (3297,791) (3234,822) (3234,759) (3359,853) (3422,850) (3482,810) (3482,748) (3334,915) (3396,914) (3458,912) (3172,829) (3172,767) (3296,853) (3354,975) (3415,975)
Trondheimfjorden Sea Zone (3141,528) (3200,588) (3120,588) (3080,468) (3160,468) (3061,528) (3221,528) (3240,429) (3040,628) (3260,648) (3180,648) (3020,408) (3100,408) (3280,588) (3000,468) (2981,568) (3180,369) (3260,369) (3100,688) (3020,688) (3301,489) (3320,429) (3209,708) (2960,628) (3075,348) (2940,697) (3155,309) (3360,549) (3047,748) (2920,508) (2901,568) (3381,489) (2880,637)
Tula (5591,1737) (5529,1760) (5529,1698) (5590,1675) (5652,1751) (5653,1689) (5467,1753) (5467,1691) (5713,1763) (5713,1700) (5405,1768) (5405,1705) (5467,1814) (5590,1798) (5527,1821) (5527,1636) (5589,1611) (5775,1638) (5775,1699) (5775,1761) (5652,1814) (5400,1831) (5466,1628) (5715,1824)
Tunisia (3242,3988) (3264,3926) (3201,3926) (3179,3988) (3325,3926) (3117,4007) (3137,3945) (3172,3864) (3233,3863) (3294,3863) (3177,3802) (3238,3802) (3300,3801) (3213,3740) (3274,3740) (3178,4049) (3240,4050) (3199,4111) (3260,4111) (3322,4129) (3322,4067) (3206,4173)
Tver (5299,1268) (5272,1329) (5237,1266) (5210,1328) (5175,1266) (5192,1204) (5253,1205) (5315,1204) (5333,1329) (5360,1266) (5376,1202) (5395,1328) (5422,1269) (5438,1207) (5483,1267) (5452,1144) (5500,1202) (5130,1195) (5113,1255) (5106,1316) (5158,1337) (5209,1388)
Tyrol (3468,2511) (3407,2522) (3345,2549) (3283,2522) (3405,2583) (3466,2572) (3527,2545) (3528,2484) (3467,2449) (3344,2488) (3339,2603) (3588,2494) (3406,2460) (3588,2554)
Tyrrhenian Sea Zone (3429,3561) (3488,3621) (3408,3621) (3368,3501) (3448,3501) (3349,3561) (3509,3561) (3528,3476) (3328,3661) (3568,3621) (3288,3501) (3269,3601) (3396,3721) (3589,3536) (3608,3476) (3648,3596) (3429,3781) (3669,3536)
Ulster (1904,1575) (1964,1594) (1965,1656) (1902,1636) (1840,1623) (1841,1561) (2026,1636)
Umba (5251,381) (5282,442) (5313,380) (5343,440) (5220,444) (5188,381) (5374,378) (5405,439) (5192,319) (5252,319) (5313,318) (5374,316) (5289,502) (5350,501)
Upper France (2707,2226) (2767,2265) (2657,2166) (2650,2104) (2644,2227) (2705,2287) (2768,2203) (2827,2282) (2766,2325) (2829,2222) (2599,2176) (2713,2165) (2886,2247) (2827,2343)
Vaasa (4198,834) (4262,893) (4201,895) (4260,832) (4321,830) (4270,769) (4330,766) (4194,956) (4255,955) (4192,1017) (4254,1018)
Valencia (2372,3465) (2371,3527) (2370,3588) (2433,3445) (2433,3506) (2432,3568) (2309,3540) (2310,3477) (2371,3403) (2309,3414) (2433,3382) (2371,3341) (2308,3602) (2397,3649)
Vasterbotten (4014,607) (4013,668) (4076,608) (4087,546) (4024,545) (3961,543) (3952,605) (3951,668) (4075,669) (3890,623) (3892,560) (3900,498) (3961,481) (4024,482) (4138,605) (4137,667) (4199,600) (4043,729)
Velsk (5740,954) (5678,1008) (5678,945) (5741,891) (5802,1005) (5802,943) (5740,1014) (5863,973) (5863,911) (5802,881) (5679,882) (5616,994) (5616,932) (5615,1055) (5801,1068) (5739,1075) (5863,1035) (5924,1021) (5924,958) (5924,895) (5863,847) (5801,818) (5739,828) (5554,927) (5675,1073)
Venice (3447,2697) (3385,2690) (3508,2679) (3323,2709) (3446,2636) (3507,2617) (3568,2627) (3569,2689) (3322,2647) (3385,2751) (3312,2766) (3260,2650) (3384,2628) (3447,2758)
Vitebsk (4895,1428) (4956,1476) (4957,1413) (4892,1490) (4893,1365) (4829,1360) (4829,1421) (4828,1483) (4953,1539) (5019,1480) (5020,1416) (4956,1349) (5018,1352) (5081,1424) (5081,1360) (4766,1485) (4767,1423) (4767,1358) (4703,1458) (4705,1368) (4983,1602)
Vladimir (5718,1423) (5656,1415) (5779,1450) (5779,1388) (5717,1362) (5655,1353) (5655,1476) (5594,1390) (5593,1327) (5593,1452) (5778,1325) (5839,1324) (5840,1385) (5840,1448) (5716,1485) (5532,1421) (5532,1359) (5672,1546) (5779,1511) (5733,1567) (5902,1405) (5902,1342) (5717,1302) (5655,1290) (5672,1608)
Volinia (4623,2180) (4559,2183) (4647,2118) (4585,2119) (4684,2179) (4542,2244) (4604,2241) (4708,2117) (4653,2055) (4591,2055) (4714,2054) (4666,2243)
Voronezh (5642,2049) (5693,2110) (5704,2047) (5593,1989) (5654,1989) (5715,1986) (5631,2111) (5603,2172) (5583,1927) (5643,1926) (5705,1926) (5773,1971) (5833,1934) (5579,1866) (5641,1863) (5767,1909) (5666,2172) (5711,2201)
Vyborg (4668,929) (4729,922) (4730,984) (4765,861) (4702,860) (4639,866) (4606,929) (4668,991) (4606,991) (4576,866) (4693,798) (4754,798) (4791,922) (4853,921) (4792,983) (4854,983)
Wales (2214,1920) (2188,1858) (2249,1858) (2152,1918) (2275,1919) (2211,1796) (2271,1796) (2149,1796) (2095,1962) (2172,1968) (2233,1983)
Warsaw (4083,1992) (4044,1933) (4105,1931) (4144,1992) (4022,1994) (4127,2053) (4066,2053) (4004,2056) (3960,1993) (3982,1931) (4007,1870) (4068,1870) (4129,1870) (4167,1930) (4204,1991) (4188,2054) (4228,1929) (4191,1868) (4176,1807) (4115,1809) (4019,2117) (4081,2115) (4143,2113)
Washington (364,770) (311,831) (396,708) (286,892) (399,645) (225,891) (251,830) (301,769) (334,707) (436,583) (189,828) (163,889) (183,953) (121,951) (101,888) (59,949) (222,1015) (159,1015) (97,1014) (35,1013) (309,953) (246,953) (283,1015)
Wessex (2275,2069) (2335,2069) (2174,2121) (2213,2065) (2291,2009) (2352,2005) (2412,1999) (2112,2117) (2151,2059) (2060,2154) (2397,2066)
West Greenland (1205,73) (1203,134) (1141,134) (1203,194) (1264,136) (1265,195) (1140,196) (1142,71) (1266,73) (1066,70) (1263,9) (1199,9) (1135,8) (1072,7) (1010,2) (1259,259)
West Lapland (4471,498) (4469,559) (4408,518) (4409,456) (4488,436) (4427,394) (4365,368) (4302,335) (4532,498) (4530,561)
Western Black Sea Zone (4900,3072) (4959,3132) (4879,3132) (4839,3012) (4919,3012) (4820,3072) (4980,3072) (4999,2973) (4799,3172) (4949,3192) (5039,3132) (4740,3112) (4740,3052) (5060,3033) (5079,2971) (5119,3093)
White Sea Zone (5581,600) (5499,600) (5421,585) (5339,573) (5318,642) (5861,465) (5793,465) (5929,463) (5730,531) (5652,560) (5256,544) (5385,703)
Wurttemberg (3148,2302) (3086,2300) (3146,2240) (3209,2296) (3143,2363) (3206,2357) (3084,2237) (3163,2424) (3222,2418) (3022,2239) (3022,2301) (3019,2177) (3206,2234) (3081,2175) (3267,2357) (3102,2425) (3123,2468) (3282,2441)
Yaroslavl (5710,1185) (5644,1229) (5646,1164) (5773,1147) (5773,1209) (5834,1252) (5834,1191) (5835,1130) (5568,1193) (5583,1130) (5519,1124) (5501,1061) (5563,1064) (5532,1000) (5896,1258) (5896,1196) (5897,1134) (5934,1071) (5708,1121) (5564,1258)
Yekaterinoslav (5389,2408) (5344,2469) (5327,2407) (5405,2468) (5466,2467) (5451,2405) (5388,2345) (5325,2345) (5282,2450) (5223,2453) (5263,2388) (5512,2403) (5573,2396) (5526,2463) (5564,2334) (5433,2528)
Copenhagen (3375,1533) (3314,1571) (3436,1532) (3393,1471) (3313,1509) (3391,1594) (3454,1471)